# oST version 5.0 parameters


[image]

width
1280

height
960

[narrow_stereo/left]

camera matrix
849.065552 0.000000 698.167065
0.000000 848.306859 531.288185
0.000000 0.000000 1.000000

distortion
-0.338446 0.085744 0.000394 -0.000983 0.000000

rectification
0.997219 0.008319 -0.074058
-0.008374 0.999965 -0.000434
0.074051 0.001053 0.997254

projection
765.546358 0.000000 888.296028 0.000000
0.000000 765.546358 575.525177 0.000000
0.000000 0.000000 1.000000 0.000000
# oST version 5.0 parameters


[image]

width
1280

height
960

[narrow_stereo/right]

camera matrix
846.134161 0.000000 691.181815
0.000000 846.750811 548.385168
0.000000 0.000000 1.000000

distortion
-0.322404 0.072470 0.000445 0.000147 0.000000

rectification
0.996234 0.009188 -0.086215
-0.009123 0.999958 0.001139
0.086222 -0.000348 0.996276

projection
765.546358 0.000000 888.296028 -44.373548
0.000000 765.546358 575.525177 0.000000
0.000000 0.000000 1.000000 0.000000
